

























































































































































































































































-0.285714     -0.285714     -0.285714     -0.285714     -0.285714     -0.285714     -0.285714     -0.285714     -0.993523     -0.976262     -0.959     -0.941739     -0.924477     -0.907216     -0.889954     -0.872693     -0.855432     -0.83817     -0.820909     -0.803647     -0.786386     -0.769124     -0.751863     -0.734601     -0.71734     -0.700078     -0.682817     -0.665555     -0.648294     -0.631032     -0.613771     -0.596509     -0.579248     -0.561987     -0.544725     -0.527463     -0.510202     -0.49294     -0.475679     -0.458418     -0.441156     -0.423895     -0.406633     -0.389372     -0.37211     -0.354849     -0.337587     -0.320326     -0.303064     -0.285803     -0.285714     -0.285714     -0.285714     -0.285714     -0.285714     -0.285714     -0.285714     -0.285714     -0.285714     -0.285714     -0.285714     -0.285714     -0.285714     -0.285714     -0.285714     -0.285714     -0.285714     -0.285714     -0.285714     -0.285714     -0.285714     -0.285714     -0.285714     -0.285714     
-0.285714     -0.285714     -0.285714     -0.285714     -0.285714     -0.285714     -0.285714     -0.285714     -0.98777     -0.970508     -0.953247     -0.935985     -0.918724     -0.901462     -0.884201     -0.86694     -0.849678     -0.832417     -0.815155     -0.797893     -0.780632     -0.76337     -0.746109     -0.728848     -0.711586     -0.694325     -0.677063     -0.659802     -0.64254     -0.625279     -0.608017     -0.590756     -0.573494     -0.556233     -0.538971     -0.52171     -0.504448     -0.487187     -0.469925     -0.452664     -0.435402     -0.418141     -0.400879     -0.383618     -0.366356     -0.349095     -0.331834     -0.314572     -0.297311     -0.285714     -0.285714     -0.285714     -0.285714     -0.285714     -0.285714     -0.285714     -0.285714     -0.285714     -0.285714     -0.285714     -0.285714     -0.285714     -0.285714     -0.285714     -0.285714     -0.285714     -0.285714     -0.285714     -0.285714     -0.285714     -0.285714     -0.285714     -0.285714     
-0.285714     -0.285714     -0.285714     -0.285714     -0.285714     -0.285714     -0.285714     -0.285714     -0.999277     -0.982016     -0.964754     -0.947493     -0.930231     -0.91297     -0.895708     -0.878447     -0.861185     -0.843924     -0.826662     -0.809401     -0.792139     -0.774878     -0.757616     -0.740355     -0.723094     -0.705832     -0.688571     -0.671309     -0.654048     -0.636786     -0.619525     -0.602263     -0.585002     -0.56774     -0.550479     -0.533217     -0.515956     -0.498694     -0.481433     -0.464171     -0.44691     -0.429648     -0.412387     -0.395125     -0.377864     -0.360602     -0.343341     -0.32608     -0.308818     -0.291557     -0.285714     -0.285714     -0.285714     -0.285714     -0.285714     -0.285714     -0.285714     -0.285714     -0.285714     -0.285714     -0.285714     -0.285714     -0.285714     -0.285714     -0.285714     -0.285714     -0.285714     -0.285714     -0.285714     -0.285714     -0.285714     -0.285714     -0.285714     
-0.285714     -0.285714     -0.285714     -0.285714     -0.285714     -0.285714     -0.285714     -0.285714     -0.993524     -0.976262     -0.959001     -0.941739     -0.924478     -0.907216     -0.889955     -0.872693     -0.855432     -0.83817     -0.820909     -0.803647     -0.786386     -0.769124     -0.751863     -0.734601     -0.71734     -0.700078     -0.682817     -0.665555     -0.648294     -0.631032     -0.613771     -0.59651     -0.579248     -0.561987     -0.544725     -0.527464     -0.510202     -0.492941     -0.475679     -0.458418     -0.441156     -0.423895     -0.406633     -0.389372     -0.37211     -0.354849     -0.337588     -0.320326     -0.303065     -0.285803     -0.285714     -0.285714     -0.285714     -0.285714     -0.285714     -0.285714     -0.285714     -0.285714     -0.285714     -0.285714     -0.285714     -0.285714     -0.285714     -0.285714     -0.285714     -0.285714     -0.285714     -0.285714     -0.285714     -0.285714     -0.285714     -0.285714     
-0.285714     -0.285714     -0.285714     -0.285714     -0.285714     -0.285714     -0.285714     -0.285714     -0.98777     -0.970508     -0.953247     -0.935985     -0.918724     -0.901462     -0.884201     -0.866939     -0.849678     -0.832416     -0.815155     -0.797893     -0.780632     -0.763371     -0.746109     -0.728848     -0.711586     -0.694324     -0.677063     -0.659801     -0.64254     -0.625279     -0.608017     -0.590756     -0.573494     -0.556233     -0.538971     -0.52171     -0.504448     -0.487187     -0.469925     -0.452664     -0.435402     -0.418141     -0.400879     -0.383618     -0.366357     -0.349095     -0.331834     -0.314572     -0.297311     -0.285714     -0.285714     -0.285714     -0.285714     -0.285714     -0.285714     -0.285714     -0.285714     -0.285714     -0.285714     -0.285714     -0.285714     -0.285714     -0.285714     -0.285714     -0.285714     -0.285714     -0.285714     -0.285714     -0.285714     -0.285714     -0.285714     
-0.285714     -0.285714     -0.285714     -0.285714     -0.285714     -0.285714     -0.285714     -0.285714     -0.999278     -0.982016     -0.964755     -0.947493     -0.930232     -0.91297     -0.895709     -0.878447     -0.861186     -0.843924     -0.826663     -0.809401     -0.79214     -0.774878     -0.757617     -0.740355     -0.723094     -0.705832     -0.688571     -0.671309     -0.654048     -0.636787     -0.619525     -0.602264     -0.585002     -0.56774     -0.550479     -0.533217     -0.515956     -0.498695     -0.481433     -0.464172     -0.44691     -0.429649     -0.412387     -0.395126     -0.377864     -0.360603     -0.343341     -0.32608     -0.308818     -0.291557     -0.285714     -0.285714     -0.285714     -0.285714     -0.285714     -0.285714     -0.285714     -0.285714     -0.285714     -0.285714     -0.285714     -0.285714     -0.285714     -0.285714     -0.285714     -0.285714     -0.285714     -0.285714     -0.285714     -0.285714     -0.285714     
-0.285714     -0.285714     -0.285714     -0.285714     -0.285714     -0.285714     -0.285714     -0.285714     -0.993523     -0.976262     -0.959     -0.941739     -0.924478     -0.907216     -0.889955     -0.872693     -0.855432     -0.83817     -0.820909     -0.803647     -0.786386     -0.769124     -0.751863     -0.734601     -0.71734     -0.700078     -0.682817     -0.665555     -0.648294     -0.631033     -0.613771     -0.596509     -0.579248     -0.561986     -0.544725     -0.527464     -0.510202     -0.492941     -0.475679     -0.458418     -0.441156     -0.423895     -0.406633     -0.389372     -0.37211     -0.354849     -0.337587     -0.320326     -0.303064     -0.285803     -0.285714     -0.285714     -0.285714     -0.285714     -0.285714     -0.285714     -0.285714     -0.285714     -0.285714     -0.285714     -0.285714     -0.285714     -0.285714     -0.285714     -0.285714     -0.285714     -0.285714     -0.285714     -0.285714     -0.285714     
-0.285714     -0.285714     -0.285714     -0.285714     -0.285714     -0.285714     -0.285714     -0.285714     -0.987769     -0.970508     -0.953246     -0.935985     -0.918724     -0.901462     -0.884201     -0.866939     -0.849678     -0.832416     -0.815155     -0.797893     -0.780632     -0.76337     -0.746109     -0.728847     -0.711586     -0.694324     -0.677063     -0.659802     -0.64254     -0.625278     -0.608017     -0.590755     -0.573494     -0.556232     -0.538971     -0.52171     -0.504448     -0.487187     -0.469925     -0.452664     -0.435402     -0.418141     -0.400879     -0.383618     -0.366356     -0.349095     -0.331833     -0.314572     -0.29731     -0.285714     -0.285714     -0.285714     -0.285714     -0.285714     -0.285714     -0.285714     -0.285714     -0.285714     -0.285714     -0.285714     -0.285714     -0.285714     -0.285714     -0.285714     -0.285714     -0.285714     -0.285714     -0.285714     -0.285714     
-0.285714     -0.285714     -0.285714     -0.285714     -0.285714     -0.285714     -0.285714     -0.285714     -0.999277     -0.982016     -0.964754     -0.947493     -0.930232     -0.91297     -0.895709     -0.878447     -0.861185     -0.843924     -0.826662     -0.809401     -0.79214     -0.774878     -0.757617     -0.740355     -0.723094     -0.705832     -0.688571     -0.671309     -0.654048     -0.636786     -0.619525     -0.602263     -0.585002     -0.56774     -0.550479     -0.533218     -0.515956     -0.498695     -0.481433     -0.464172     -0.44691     -0.429649     -0.412387     -0.395126     -0.377864     -0.360603     -0.343341     -0.32608     -0.308818     -0.291557     -0.285714     -0.285714     -0.285714     -0.285714     -0.285714     -0.285714     -0.285714     -0.285714     -0.285714     -0.285714     -0.285714     -0.285714     -0.285714     -0.285714     -0.285714     -0.285714     -0.285714     -0.285714     -0.285714     
-0.285714     -0.285714     -0.285714     -0.285714     -0.285714     -0.285714     -0.285714     -0.285714     -0.993523     -0.976262     -0.959001     -0.941739     -0.924478     -0.907216     -0.889955     -0.872693     -0.855431     -0.83817     -0.820909     -0.803647     -0.786386     -0.769124     -0.751863     -0.734601     -0.71734     -0.700078     -0.682817     -0.665555     -0.648294     -0.631032     -0.613771     -0.596509     -0.579248     -0.561987     -0.544725     -0.527464     -0.510202     -0.492941     -0.475679     -0.458418     -0.441156     -0.423895     -0.406633     -0.389372     -0.37211     -0.354849     -0.337587     -0.320326     -0.303064     -0.285803     -0.285714     -0.285714     -0.285714     -0.285714     -0.285714     -0.285714     -0.285714     -0.285714     -0.285714     -0.285714     -0.285714     -0.285714     -0.285714     -0.285714     -0.285714     -0.285714     -0.285714     -0.285714     
-0.285714     -0.285714     -0.285714     -0.285714     -0.285714     -0.285714     -0.285714     -0.285714     -0.98777     -0.970508     -0.953247     -0.935985     -0.918724     -0.901462     -0.884201     -0.866939     -0.849678     -0.832417     -0.815155     -0.797894     -0.780632     -0.763371     -0.746109     -0.728848     -0.711586     -0.694325     -0.677063     -0.659802     -0.64254     -0.625279     -0.608017     -0.590756     -0.573494     -0.556233     -0.538971     -0.52171     -0.504448     -0.487187     -0.469925     -0.452664     -0.435403     -0.418141     -0.40088     -0.383618     -0.366357     -0.349095     -0.331834     -0.314572     -0.297311     -0.285714     -0.285714     -0.285714     -0.285714     -0.285714     -0.285714     -0.285714     -0.285714     -0.285714     -0.285714     -0.285714     -0.285714     -0.285714     -0.285714     -0.285714     -0.285714     -0.285714     -0.285714     
-0.285714     -0.285714     -0.285714     -0.285714     -0.285714     -0.285714     -0.285714     -0.285714     -0.999277     -0.982016     -0.964754     -0.947493     -0.930231     -0.91297     -0.895708     -0.878447     -0.861185     -0.843924     -0.826663     -0.809401     -0.79214     -0.774878     -0.757617     -0.740355     -0.723094     -0.705832     -0.688571     -0.671309     -0.654048     -0.636786     -0.619525     -0.602263     -0.585002     -0.56774     -0.550479     -0.533217     -0.515956     -0.498694     -0.481433     -0.464171     -0.44691     -0.429649     -0.412387     -0.395126     -0.377864     -0.360603     -0.343341     -0.32608     -0.308818     -0.291557     -0.285714     -0.285714     -0.285714     -0.285714     -0.285714     -0.285714     -0.285714     -0.285714     -0.285714     -0.285714     -0.285714     -0.285714     -0.285714     -0.285714     -0.285714     -0.285714     -0.285714     
-0.285714     -0.285714     -0.285714     -0.285714     -0.285714     -0.285714     -0.285714     -0.285714     -0.993524     -0.976262     -0.959001     -0.941739     -0.924478     -0.907216     -0.889955     -0.872693     -0.855432     -0.83817     -0.820909     -0.803647     -0.786386     -0.769124     -0.751863     -0.734601     -0.71734     -0.700079     -0.682817     -0.665556     -0.648294     -0.631033     -0.613771     -0.59651     -0.579248     -0.561987     -0.544725     -0.527464     -0.510202     -0.492941     -0.475679     -0.458418     -0.441156     -0.423895     -0.406633     -0.389372     -0.37211     -0.354849     -0.337588     -0.320326     -0.303065     -0.285803     -0.285714     -0.285714     -0.285714     -0.285714     -0.285714     -0.285714     -0.285714     -0.285714     -0.285714     -0.285714     -0.285714     -0.285714     -0.285714     -0.285714     -0.285714     -0.285714     
-0.285714     -0.285714     -0.285714     -0.285714     -0.285714     -0.285714     -0.285714     -0.285714     -0.98777     -0.970508     -0.953247     -0.935985     -0.918724     -0.901462     -0.884201     -0.866939     -0.849678     -0.832416     -0.815155     -0.797893     -0.780632     -0.76337     -0.746109     -0.728848     -0.711586     -0.694325     -0.677063     -0.659802     -0.64254     -0.625279     -0.608017     -0.590756     -0.573494     -0.556233     -0.538971     -0.52171     -0.504448     -0.487187     -0.469925     -0.452664     -0.435402     -0.418141     -0.400879     -0.383618     -0.366356     -0.349095     -0.331834     -0.314572     -0.297311     -0.285714     -0.285714     -0.285714     -0.285714     -0.285714     -0.285714     -0.285714     -0.285714     -0.285714     -0.285714     -0.285714     -0.285714     -0.285714     -0.285714     -0.285714     -0.285714     
-0.285714     -0.285714     -0.285714     -0.285714     -0.285714     -0.285714     -0.285714     -0.285714     -0.999277     -0.982016     -0.964754     -0.947493     -0.930231     -0.91297     -0.895708     -0.878447     -0.861185     -0.843924     -0.826662     -0.809401     -0.792139     -0.774878     -0.757616     -0.740355     -0.723094     -0.705832     -0.688571     -0.671309     -0.654047     -0.636786     -0.619525     -0.602263     -0.585002     -0.56774     -0.550479     -0.533217     -0.515956     -0.498694     -0.481433     -0.464171     -0.44691     -0.429648     -0.412387     -0.395125     -0.377864     -0.360603     -0.343341     -0.32608     -0.308818     -0.291557     -0.285714     -0.285714     -0.285714     -0.285714     -0.285714     -0.285714     -0.285714     -0.285714     -0.285714     -0.285714     -0.285714     -0.285714     -0.285714     -0.285714     -0.285714     
-0.285714     -0.285714     -0.285714     -0.285714     -0.285714     -0.285714     -0.285714     -0.285714     -0.993524     -0.976262     -0.959001     -0.941739     -0.924478     -0.907216     -0.889955     -0.872693     -0.855432     -0.83817     -0.820909     -0.803647     -0.786386     -0.769124     -0.751863     -0.734601     -0.71734     -0.700078     -0.682817     -0.665555     -0.648294     -0.631033     -0.613771     -0.59651     -0.579248     -0.561987     -0.544725     -0.527464     -0.510202     -0.492941     -0.475679     -0.458418     -0.441156     -0.423895     -0.406633     -0.389372     -0.37211     -0.354849     -0.337587     -0.320326     -0.303064     -0.285803     -0.285714     -0.285714     -0.285714     -0.285714     -0.285714     -0.285714     -0.285714     -0.285714     -0.285714     -0.285714     -0.285714     -0.285714     -0.285714     -0.285714     
-0.285714     -0.285714     -0.285714     -0.285714     -0.285714     -0.285714     -0.285714     -0.285714     -0.98777     -0.970508     -0.953247     -0.935985     -0.918724     -0.901462     -0.884201     -0.866939     -0.849678     -0.832416     -0.815155     -0.797893     -0.780632     -0.76337     -0.746109     -0.728847     -0.711586     -0.694324     -0.677063     -0.659801     -0.64254     -0.625279     -0.608017     -0.590756     -0.573494     -0.556233     -0.538971     -0.52171     -0.504448     -0.487187     -0.469925     -0.452664     -0.435402     -0.418141     -0.400879     -0.383618     -0.366356     -0.349095     -0.331833     -0.314572     -0.29731     -0.285714     -0.285714     -0.285714     -0.285714     -0.285714     -0.285714     -0.285714     -0.285714     -0.285714     -0.285714     -0.285714     -0.285714     -0.285714     -0.285714     
-0.285714     -0.285714     -0.285714     -0.285714     -0.285714     -0.285714     -0.285714     -0.285714     -0.999277     -0.982016     -0.964754     -0.947493     -0.930231     -0.91297     -0.895709     -0.878447     -0.861186     -0.843924     -0.826663     -0.809401     -0.79214     -0.774878     -0.757617     -0.740355     -0.723094     -0.705832     -0.688571     -0.671309     -0.654048     -0.636786     -0.619525     -0.602263     -0.585002     -0.56774     -0.550479     -0.533217     -0.515956     -0.498695     -0.481433     -0.464172     -0.44691     -0.429649     -0.412387     -0.395126     -0.377864     -0.360603     -0.343341     -0.32608     -0.308818     -0.291557     -0.285714     -0.285714     -0.285714     -0.285714     -0.285714     -0.285714     -0.285714     -0.285714     -0.285714     -0.285714     -0.285714     -0.285714     -0.285714     
-0.285714     -0.285714     -0.285714     -0.285714     -0.285714     -0.285714     -0.285714     -0.285714     -0.993523     -0.976262     -0.959     -0.941739     -0.924478     -0.907216     -0.889955     -0.872693     -0.855432     -0.83817     -0.820909     -0.803647     -0.786386     -0.769124     -0.751863     -0.734601     -0.71734     -0.700078     -0.682817     -0.665555     -0.648294     -0.631032     -0.613771     -0.596509     -0.579248     -0.561986     -0.544725     -0.527464     -0.510202     -0.492941     -0.475679     -0.458418     -0.441156     -0.423895     -0.406633     -0.389372     -0.37211     -0.354849     -0.337587     -0.320326     -0.303064     -0.285803     -0.285714     -0.285714     -0.285714     -0.285714     -0.285714     -0.285714     -0.285714     -0.285714     -0.285714     -0.285714     -0.285714     -0.285714     
-0.285714     -0.285714     -0.285714     -0.285714     -0.285714     -0.285714     -0.285714     -0.285714     -0.98777     -0.970508     -0.953247     -0.935985     -0.918724     -0.901462     -0.884201     -0.866939     -0.849678     -0.832416     -0.815155     -0.797894     -0.780632     -0.763371     -0.746109     -0.728848     -0.711586     -0.694325     -0.677063     -0.659802     -0.64254     -0.625279     -0.608017     -0.590756     -0.573494     -0.556233     -0.538971     -0.52171     -0.504449     -0.487187     -0.469925     -0.452664     -0.435402     -0.418141     -0.40088     -0.383618     -0.366357     -0.349095     -0.331834     -0.314572     -0.297311     -0.285714     -0.285714     -0.285714     -0.285714     -0.285714     -0.285714     -0.285714     -0.285714     -0.285714     -0.285714     -0.285714     -0.285714     
-0.285714     -0.285714     -0.285714     -0.285714     -0.285714     -0.285714     -0.285714     -0.285714     -0.999277     -0.982016     -0.964754     -0.947493     -0.930231     -0.91297     -0.895708     -0.878447     -0.861185     -0.843924     -0.826662     -0.809401     -0.79214     -0.774878     -0.757617     -0.740355     -0.723094     -0.705832     -0.688571     -0.671309     -0.654048     -0.636786     -0.619525     -0.602263     -0.585002     -0.56774     -0.550479     -0.533217     -0.515956     -0.498694     -0.481433     -0.464171     -0.44691     -0.429649     -0.412387     -0.395126     -0.377864     -0.360603     -0.343341     -0.32608     -0.308818     -0.291557     -0.285714     -0.285714     -0.285714     -0.285714     -0.285714     -0.285714     -0.285714     -0.285714     -0.285714     -0.285714     -0.285714     
-0.285714     -0.285714     -0.285714     -0.285714     -0.285714     -0.285714     -0.285714     -0.285714     -0.993524     -0.976262     -0.959001     -0.941739     -0.924478     -0.907216     -0.889955     -0.872693     -0.855432     -0.83817     -0.820909     -0.803648     -0.786386     -0.769124     -0.751863     -0.734601     -0.71734     -0.700079     -0.682817     -0.665556     -0.648294     -0.631033     -0.613771     -0.59651     -0.579248     -0.561987     -0.544725     -0.527464     -0.510202     -0.492941     -0.475679     -0.458418     -0.441157     -0.423895     -0.406633     -0.389372     -0.37211     -0.354849     -0.337587     -0.320326     -0.303065     -0.285803     -0.285714     -0.285714     -0.285714     -0.285714     -0.285714     -0.285714     -0.285714     -0.285714     -0.285714     -0.285714     
-0.285714     -0.285714     -0.285714     -0.285714     -0.285714     -0.285714     -0.285714     -0.285714     -0.98777     -0.970508     -0.953247     -0.935985     -0.918724     -0.901462     -0.884201     -0.866939     -0.849678     -0.832417     -0.815155     -0.797893     -0.780632     -0.76337     -0.746109     -0.728847     -0.711586     -0.694325     -0.677063     -0.659802     -0.64254     -0.625279     -0.608017     -0.590756     -0.573494     -0.556233     -0.538971     -0.52171     -0.504448     -0.487187     -0.469925     -0.452664     -0.435403     -0.418141     -0.40088     -0.383618     -0.366356     -0.349095     -0.331833     -0.314572     -0.297311     -0.285714     -0.285714     -0.285714     -0.285714     -0.285714     -0.285714     -0.285714     -0.285714     -0.285714     -0.285714     
-0.285714     -0.285714     -0.285714     -0.285714     -0.285714     -0.285714     -0.285714     -0.285714     -0.999277     -0.982016     -0.964754     -0.947493     -0.930231     -0.91297     -0.895708     -0.878447     -0.861185     -0.843924     -0.826663     -0.809401     -0.792139     -0.774878     -0.757616     -0.740355     -0.723094     -0.705832     -0.688571     -0.671309     -0.654048     -0.636786     -0.619525     -0.602263     -0.585002     -0.56774     -0.550479     -0.533217     -0.515956     -0.498694     -0.481433     -0.464172     -0.44691     -0.429649     -0.412387     -0.395126     -0.377864     -0.360602     -0.343341     -0.32608     -0.308818     -0.291557     -0.285714     -0.285714     -0.285714     -0.285714     -0.285714     -0.285714     -0.285714     -0.285714     -0.285714     
-0.285714     -0.285714     -0.285714     -0.285714     -0.285714     -0.285714     -0.285714     -0.285714     -0.993524     -0.976262     -0.959001     -0.941739     -0.924478     -0.907216     -0.889955     -0.872693     -0.855432     -0.83817     -0.820909     -0.803647     -0.786386     -0.769124     -0.751863     -0.734601     -0.71734     -0.700078     -0.682817     -0.665555     -0.648294     -0.631032     -0.613771     -0.59651     -0.579248     -0.561987     -0.544725     -0.527464     -0.510202     -0.492941     -0.475679     -0.458418     -0.441156     -0.423895     -0.406633     -0.389372     -0.37211     -0.354849     -0.337588     -0.320326     -0.303065     -0.285803     -0.285714     -0.285714     -0.285714     -0.285714     -0.285714     -0.285714     -0.285714     -0.285714     
-0.285714     -0.285714     -0.285714     -0.285714     -0.285714     -0.285714     -0.285714     -0.285714     -0.98777     -0.970508     -0.953247     -0.935985     -0.918724     -0.901462     -0.884201     -0.866939     -0.849678     -0.832416     -0.815155     -0.797893     -0.780632     -0.76337     -0.746109     -0.728848     -0.711586     -0.694324     -0.677063     -0.659801     -0.64254     -0.625278     -0.608017     -0.590756     -0.573494     -0.556233     -0.538971     -0.52171     -0.504448     -0.487187     -0.469925     -0.452664     -0.435402     -0.418141     -0.400879     -0.383618     -0.366356     -0.349095     -0.331834     -0.314572     -0.29731     -0.285714     -0.285714     -0.285714     -0.285714     -0.285714     -0.285714     -0.285714     -0.285714     
-0.285714     -0.285714     -0.285714     -0.285714     -0.285714     -0.285714     -0.285714     -0.285714     -0.999278     -0.982016     -0.964755     -0.947493     -0.930232     -0.91297     -0.895708     -0.878447     -0.861186     -0.843924     -0.826663     -0.809401     -0.79214     -0.774878     -0.757617     -0.740355     -0.723094     -0.705832     -0.688571     -0.671309     -0.654048     -0.636786     -0.619525     -0.602264     -0.585002     -0.567741     -0.550479     -0.533217     -0.515956     -0.498695     -0.481433     -0.464172     -0.44691     -0.429649     -0.412387     -0.395126     -0.377864     -0.360603     -0.343341     -0.32608     -0.308818     -0.291557     -0.285714     -0.285714     -0.285714     -0.285714     -0.285714     -0.285714     -0.285714     
-0.285714     -0.285714     -0.285714     -0.285714     -0.285714     -0.285714     -0.285714     -0.285714     -0.993524     -0.976262     -0.959     -0.941739     -0.924478     -0.907216     -0.889955     -0.872693     -0.855432     -0.83817     -0.820909     -0.803647     -0.786386     -0.769124     -0.751863     -0.734601     -0.71734     -0.700078     -0.682817     -0.665555     -0.648294     -0.631033     -0.613771     -0.59651     -0.579248     -0.561987     -0.544725     -0.527463     -0.510202     -0.492941     -0.475679     -0.458418     -0.441156     -0.423895     -0.406633     -0.389372     -0.37211     -0.354849     -0.337587     -0.320326     -0.303064     -0.285803     -0.285714     -0.285714     -0.285714     -0.285714     -0.285714     -0.285714     
-0.285714     -0.285714     -0.285714     -0.285714     -0.285714     -0.285714     -0.285714     -0.285714     -0.98777     -0.970508     -0.953247     -0.935985     -0.918724     -0.901463     -0.884201     -0.86694     -0.849678     -0.832417     -0.815155     -0.797894     -0.780632     -0.763371     -0.746109     -0.728848     -0.711586     -0.694325     -0.677063     -0.659802     -0.64254     -0.625279     -0.608017     -0.590756     -0.573494     -0.556233     -0.538971     -0.52171     -0.504449     -0.487187     -0.469926     -0.452664     -0.435403     -0.418141     -0.40088     -0.383618     -0.366357     -0.349095     -0.331834     -0.314572     -0.297311     -0.285714     -0.285714     -0.285714     -0.285714     -0.285714     -0.285714     
-0.285714     -0.285714     -0.285714     -0.285714     -0.285714     -0.285714     -0.285714     -0.285714     -0.999277     -0.982016     -0.964754     -0.947493     -0.930231     -0.91297     -0.895709     -0.878447     -0.861186     -0.843924     -0.826662     -0.809401     -0.79214     -0.774878     -0.757617     -0.740355     -0.723094     -0.705832     -0.688571     -0.671309     -0.654048     -0.636786     -0.619525     -0.602263     -0.585002     -0.56774     -0.550479     -0.533218     -0.515956     -0.498695     -0.481433     -0.464172     -0.44691     -0.429649     -0.412387     -0.395126     -0.377864     -0.360603     -0.343341     -0.32608     -0.308818     -0.291557     -0.285714     -0.285714     -0.285714     -0.285714     -0.285714     
-0.285714     -0.285714     -0.285714     -0.285714     -0.285714     -0.285714     -0.285714     -0.285714     -0.993523     -0.976262     -0.959     -0.941739     -0.924478     -0.907216     -0.889955     -0.872693     -0.855431     -0.83817     -0.820908     -0.803647     -0.786386     -0.769124     -0.751863     -0.734601     -0.71734     -0.700078     -0.682817     -0.665555     -0.648294     -0.631032     -0.613771     -0.596509     -0.579248     -0.561986     -0.544725     -0.527464     -0.510202     -0.492941     -0.475679     -0.458418     -0.441156     -0.423894     -0.406633     -0.389372     -0.37211     -0.354849     -0.337587     -0.320326     -0.303064     -0.285803     -0.285714     -0.285714     -0.285714     -0.285714     
-0.285714     -0.285714     -0.285714     -0.285714     -0.285714     -0.285714     -0.285714     -0.285714     -0.98777     -0.970508     -0.953247     -0.935985     -0.918724     -0.901462     -0.884201     -0.866939     -0.849678     -0.832416     -0.815155     -0.797894     -0.780632     -0.763371     -0.746109     -0.728848     -0.711586     -0.694324     -0.677063     -0.659802     -0.64254     -0.625279     -0.608017     -0.590756     -0.573494     -0.556233     -0.538971     -0.52171     -0.504448     -0.487187     -0.469925     -0.452664     -0.435402     -0.418141     -0.40088     -0.383618     -0.366357     -0.349095     -0.331834     -0.314572     -0.297311     -0.285714     -0.285714     -0.285714     -0.285714     
-0.285714     -0.285714     -0.285714     -0.285714     -0.285714     -0.285714     -0.285714     -0.285714     -0.999277     -0.982016     -0.964754     -0.947493     -0.930231     -0.91297     -0.895708     -0.878447     -0.861185     -0.843924     -0.826663     -0.809401     -0.79214     -0.774878     -0.757617     -0.740355     -0.723094     -0.705832     -0.688571     -0.671309     -0.654048     -0.636786     -0.619525     -0.602263     -0.585002     -0.56774     -0.550479     -0.533217     -0.515956     -0.498694     -0.481433     -0.464171     -0.44691     -0.429649     -0.412387     -0.395126     -0.377864     -0.360603     -0.343341     -0.32608     -0.308818     -0.291557     -0.285714     -0.285714     -0.285714     
-0.285714     -0.285714     -0.285714     -0.285714     -0.285714     -0.285714     -0.285714     -0.285714     -0.993524     -0.976262     -0.959001     -0.941739     -0.924478     -0.907216     -0.889955     -0.872693     -0.855432     -0.83817     -0.820909     -0.803647     -0.786386     -0.769124     -0.751863     -0.734601     -0.71734     -0.700079     -0.682817     -0.665556     -0.648294     -0.631033     -0.613771     -0.59651     -0.579248     -0.561987     -0.544725     -0.527464     -0.510202     -0.492941     -0.475679     -0.458418     -0.441156     -0.423895     -0.406633     -0.389372     -0.37211     -0.354849     -0.337587     -0.320326     -0.303065     -0.285803     -0.285714     -0.285714     
-0.285714     -0.285714     -0.285714     -0.285714     -0.285714     -0.285714     -0.285714     -0.285714     -0.987769     -0.970508     -0.953247     -0.935985     -0.918724     -0.901462     -0.884201     -0.866939     -0.849678     -0.832416     -0.815155     -0.797893     -0.780632     -0.76337     -0.746109     -0.728847     -0.711586     -0.694325     -0.677063     -0.659802     -0.64254     -0.625279     -0.608017     -0.590756     -0.573494     -0.556233     -0.538971     -0.52171     -0.504448     -0.487187     -0.469925     -0.452664     -0.435402     -0.418141     -0.400879     -0.383618     -0.366356     -0.349095     -0.331834     -0.314572     -0.297311     -0.285714     -0.285714     
-0.285714     -0.285714     -0.285714     -0.285714     -0.285714     -0.285714     -0.285714     -0.285714     -0.999277     -0.982016     -0.964755     -0.947493     -0.930232     -0.91297     -0.895709     -0.878447     -0.861186     -0.843924     -0.826663     -0.809401     -0.79214     -0.774878     -0.757617     -0.740355     -0.723094     -0.705832     -0.688571     -0.671309     -0.654048     -0.636786     -0.619525     -0.602264     -0.585002     -0.567741     -0.550479     -0.533218     -0.515956     -0.498695     -0.481433     -0.464172     -0.44691     -0.429649     -0.412387     -0.395126     -0.377864     -0.360603     -0.343341     -0.32608     -0.308818     -0.291557     -0.285714     
-0.285714     -0.285714     -0.285714     -0.285714     -0.285714     -0.285714     -0.285714     -0.285714     -0.993524     -0.976262     -0.959001     -0.941739     -0.924478     -0.907216     -0.889955     -0.872693     -0.855432     -0.83817     -0.820909     -0.803647     -0.786386     -0.769124     -0.751863     -0.734601     -0.71734     -0.700078     -0.682817     -0.665555     -0.648294     -0.631032     -0.613771     -0.59651     -0.579248     -0.561987     -0.544725     -0.527464     -0.510202     -0.492941     -0.475679     -0.458418     -0.441156     -0.423895     -0.406633     -0.389372     -0.37211     -0.354849     -0.337587     -0.320326     -0.303064     -0.285803     
-0.285714     -0.285714     -0.285714     -0.285714     -0.285714     -0.285714     -0.285714     -0.285714     -0.98777     -0.970508     -0.953247     -0.935985     -0.918724     -0.901462     -0.884201     -0.866939     -0.849678     -0.832416     -0.815155     -0.797893     -0.780632     -0.76337     -0.746109     -0.728847     -0.711586     -0.694324     -0.677063     -0.659801     -0.64254     -0.625279     -0.608017     -0.590756     -0.573494     -0.556233     -0.538971     -0.52171     -0.504448     -0.487187     -0.469925     -0.452664     -0.435402     -0.418141     -0.400879     -0.383618     -0.366356     -0.349095     -0.331833     -0.314572     -0.29731     
-0.285714     -0.285714     -0.285714     -0.285714     -0.285714     -0.285714     -0.285714     -0.285714     -0.999277     -0.982016     -0.964754     -0.947493     -0.930231     -0.91297     -0.895709     -0.878447     -0.861186     -0.843924     -0.826663     -0.809401     -0.79214     -0.774878     -0.757617     -0.740355     -0.723094     -0.705832     -0.688571     -0.671309     -0.654048     -0.636787     -0.619525     -0.602263     -0.585002     -0.56774     -0.550479     -0.533217     -0.515956     -0.498695     -0.481433     -0.464172     -0.44691     -0.429649     -0.412387     -0.395126     -0.377864     -0.360603     -0.343341     -0.32608     -0.308818     
-0.285714     -0.285714     -0.285714     -0.285714     -0.285714     -0.285714     -0.285714     -0.285714     -0.993523     -0.976262     -0.959     -0.941739     -0.924477     -0.907216     -0.889955     -0.872693     -0.855432     -0.83817     -0.820909     -0.803647     -0.786386     -0.769124     -0.751863     -0.734601     -0.71734     -0.700078     -0.682817     -0.665555     -0.648294     -0.631032     -0.613771     -0.596509     -0.579248     -0.561986     -0.544725     -0.527463     -0.510202     -0.492941     -0.475679     -0.458418     -0.441156     -0.423895     -0.406633     -0.389372     -0.37211     -0.354849     -0.337587     -0.320326     
-0.285714     -0.285714     -0.285714     -0.285714     -0.285714     -0.285714     -0.285714     -0.285714     -0.98777     -0.970508     -0.953247     -0.935985     -0.918724     -0.901462     -0.884201     -0.866939     -0.849678     -0.832416     -0.815155     -0.797893     -0.780632     -0.763371     -0.746109     -0.728848     -0.711586     -0.694325     -0.677063     -0.659802     -0.64254     -0.625279     -0.608017     -0.590756     -0.573494     -0.556233     -0.538971     -0.52171     -0.504448     -0.487187     -0.469925     -0.452664     -0.435402     -0.418141     -0.40088     -0.383618     -0.366357     -0.349095     -0.331834     
-0.285714     -0.285714     -0.285714     -0.285714     -0.285714     -0.285714     -0.285714     -0.285714     -0.999277     -0.982016     -0.964754     -0.947493     -0.930231     -0.91297     -0.895708     -0.878447     -0.861185     -0.843924     -0.826662     -0.809401     -0.79214     -0.774878     -0.757617     -0.740355     -0.723094     -0.705832     -0.688571     -0.671309     -0.654048     -0.636786     -0.619525     -0.602263     -0.585002     -0.56774     -0.550479     -0.533217     -0.515956     -0.498694     -0.481433     -0.464171     -0.44691     -0.429648     -0.412387     -0.395126     -0.377864     -0.360603     -0.343341     
-0.285714     -0.285714     -0.285714     -0.285714     -0.285714     -0.285714     -0.285714     -0.285714     -0.993524     -0.976262     -0.959001     -0.941739     -0.924478     -0.907216     -0.889955     -0.872693     -0.855432     -0.83817     -0.820909     -0.803648     -0.786386     -0.769125     -0.751863     -0.734601     -0.71734     -0.700078     -0.682817     -0.665556     -0.648294     -0.631033     -0.613771     -0.59651     -0.579248     -0.561987     -0.544725     -0.527464     -0.510202     -0.492941     -0.475679     -0.458418     -0.441156     -0.423895     -0.406633     -0.389372     -0.37211     -0.354849     
-0.285714     -0.285714     -0.285714     -0.285714     -0.285714     -0.285714     -0.285714     -0.285714     -0.98777     -0.970508     -0.953247     -0.935985     -0.918724     -0.901462     -0.884201     -0.866939     -0.849678     -0.832416     -0.815155     -0.797894     -0.780632     -0.763371     -0.746109     -0.728847     -0.711586     -0.694325     -0.677063     -0.659802     -0.64254     -0.625279     -0.608017     -0.590756     -0.573494     -0.556233     -0.538971     -0.52171     -0.504448     -0.487187     -0.469925     -0.452664     -0.435403     -0.418141     -0.40088     -0.383618     -0.366356     
-0.285714     -0.285714     -0.285714     -0.285714     -0.285714     -0.285714     -0.285714     -0.285714     -0.999277     -0.982016     -0.964754     -0.947493     -0.930231     -0.91297     -0.895708     -0.878447     -0.861185     -0.843924     -0.826662     -0.809401     -0.79214     -0.774878     -0.757616     -0.740355     -0.723093     -0.705832     -0.688571     -0.671309     -0.654048     -0.636786     -0.619525     -0.602263     -0.585002     -0.56774     -0.550479     -0.533217     -0.515956     -0.498694     -0.481433     -0.464171     -0.44691     -0.429648     -0.412387     -0.395125     -0.377864     
-0.285714     -0.285714     -0.285714     -0.285714     -0.285714     -0.285714     -0.285714     -0.285714     -0.993523     -0.976262     -0.959001     -0.941739     -0.924478     -0.907216     -0.889955     -0.872693     -0.855432     -0.83817     -0.820909     -0.803647     -0.786386     -0.769124     -0.751863     -0.734601     -0.71734     -0.700078     -0.682817     -0.665555     -0.648294     -0.631032     -0.613771     -0.596509     -0.579248     -0.561987     -0.544725     -0.527464     -0.510202     -0.492941     -0.475679     -0.458418     -0.441156     -0.423895     -0.406633     -0.389372     
-0.285714     -0.285714     -0.285714     -0.285714     -0.285714     -0.285714     -0.285714     -0.285714     -0.98777     -0.970508     -0.953247     -0.935985     -0.918724     -0.901462     -0.884201     -0.866939     -0.849678     -0.832416     -0.815155     -0.797893     -0.780632     -0.76337     -0.746109     -0.728848     -0.711586     -0.694324     -0.677063     -0.659801     -0.64254     -0.625278     -0.608017     -0.590756     -0.573494     -0.556233     -0.538971     -0.52171     -0.504448     -0.487187     -0.469925     -0.452664     -0.435402     -0.418141     -0.400879     
-0.285714     -0.285714     -0.285714     -0.285714     -0.285714     -0.285714     -0.285714     -0.285714     -0.999278     -0.982016     -0.964754     -0.947493     -0.930231     -0.91297     -0.895708     -0.878447     -0.861186     -0.843924     -0.826663     -0.809401     -0.79214     -0.774878     -0.757617     -0.740355     -0.723094     -0.705832     -0.688571     -0.671309     -0.654048     -0.636786     -0.619525     -0.602264     -0.585002     -0.56774     -0.550479     -0.533217     -0.515956     -0.498694     -0.481433     -0.464172     -0.44691     -0.429649     -0.412387     
-0.285714     -0.285714     -0.285714     -0.285714     -0.285714     -0.285714     -0.285714     -0.285714     -0.993524     -0.976262     -0.959     -0.941739     -0.924478     -0.907216     -0.889954     -0.872693     -0.855432     -0.83817     -0.820909     -0.803647     -0.786386     -0.769124     -0.751863     -0.734601     -0.71734     -0.700078     -0.682817     -0.665555     -0.648294     -0.631032     -0.613771     -0.59651     -0.579248     -0.561987     -0.544725     -0.527463     -0.510202     -0.492941     -0.475679     -0.458418     -0.441156     -0.423895     
-0.285714     -0.285714     -0.285714     -0.285714     -0.285714     -0.285714     -0.285714     -0.285714     -0.98777     -0.970508     -0.953247     -0.935985     -0.918724     -0.901462     -0.884201     -0.86694     -0.849678     -0.832417     -0.815155     -0.797893     -0.780632     -0.763371     -0.746109     -0.728848     -0.711586     -0.694325     -0.677063     -0.659802     -0.64254     -0.625279     -0.608017     -0.590756     -0.573494     -0.556233     -0.538971     -0.52171     -0.504449     -0.487187     -0.469926     -0.452664     -0.435403     
-0.285714     -0.285714     -0.285714     -0.285714     -0.285714     -0.285714     -0.285714     -0.285714     -0.999277     -0.982016     -0.964754     -0.947493     -0.930231     -0.91297     -0.895709     -0.878447     -0.861186     -0.843924     -0.826663     -0.809401     -0.79214     -0.774878     -0.757617     -0.740355     -0.723094     -0.705832     -0.688571     -0.671309     -0.654048     -0.636786     -0.619525     -0.602263     -0.585002     -0.56774     -0.550479     -0.533217     -0.515956     -0.498695     -0.481433     -0.464172     -0.44691     
-0.285714     -0.285714     -0.285714     -0.285714     -0.285714     -0.285714     -0.285714     -0.285714     -0.993524     -0.976262     -0.959001     -0.941739     -0.924478     -0.907216     -0.889955     -0.872693     -0.855432     -0.83817     -0.820909     -0.803647     -0.786386     -0.769125     -0.751863     -0.734601     -0.71734     -0.700078     -0.682817     -0.665555     -0.648294     -0.631033     -0.613771     -0.59651     -0.579248     -0.561987     -0.544725     -0.527464     -0.510202     -0.492941     -0.475679     -0.458418     
-0.285714     -0.285714     -0.285714     -0.285714     -0.285714     -0.285714     -0.285714     -0.285714     -0.98777     -0.970508     -0.953247     -0.935985     -0.918724     -0.901462     -0.884201     -0.866939     -0.849678     -0.832416     -0.815155     -0.797894     -0.780632     -0.763371     -0.746109     -0.728848     -0.711586     -0.694324     -0.677063     -0.659802     -0.64254     -0.625279     -0.608017     -0.590756     -0.573494     -0.556233     -0.538971     -0.52171     -0.504448     -0.487187     -0.469925     
-0.285714     -0.285714     -0.285714     -0.285714     -0.285714     -0.285714     -0.285714     -0.285714     -0.999277     -0.982016     -0.964754     -0.947493     -0.930231     -0.91297     -0.895708     -0.878447     -0.861185     -0.843924     -0.826662     -0.809401     -0.79214     -0.774878     -0.757617     -0.740355     -0.723094     -0.705832     -0.68857     -0.671309     -0.654048     -0.636786     -0.619525     -0.602263     -0.585002     -0.56774     -0.550479     -0.533217     -0.515956     -0.498694     -0.481433     
-0.285714     -0.285714     -0.285714     -0.285714     -0.285714     -0.285714     -0.285714     -0.285714     -0.993524     -0.976262     -0.959001     -0.941739     -0.924478     -0.907216     -0.889955     -0.872693     -0.855432     -0.83817     -0.820909     -0.803647     -0.786386     -0.769124     -0.751863     -0.734601     -0.71734     -0.700078     -0.682817     -0.665556     -0.648294     -0.631033     -0.613771     -0.59651     -0.579248     -0.561987     -0.544725     -0.527464     -0.510202     -0.492941     
-0.285714     -0.285714     -0.285714     -0.285714     -0.285714     -0.285714     -0.285714     -0.285714     -0.98777     -0.970508     -0.953247     -0.935985     -0.918724     -0.901462     -0.884201     -0.866939     -0.849678     -0.832417     -0.815155     -0.797893     -0.780632     -0.76337     -0.746109     -0.728847     -0.711586     -0.694325     -0.677063     -0.659802     -0.64254     -0.625279     -0.608017     -0.590756     -0.573494     -0.556233     -0.538971     -0.52171     -0.504448     
-0.285714     -0.285714     -0.285714     -0.285714     -0.285714     -0.285714     -0.285714     -0.285714     -0.999277     -0.982016     -0.964755     -0.947493     -0.930232     -0.91297     -0.895709     -0.878447     -0.861186     -0.843924     -0.826663     -0.809401     -0.79214     -0.774878     -0.757617     -0.740355     -0.723094     -0.705832     -0.688571     -0.671309     -0.654048     -0.636786     -0.619525     -0.602263     -0.585002     -0.567741     -0.550479     -0.533218     -0.515956     
-0.285714     -0.285714     -0.285714     -0.285714     -0.285714     -0.285714     -0.285714     -0.285714     -0.993523     -0.976262     -0.959001     -0.941739     -0.924478     -0.907216     -0.889955     -0.872693     -0.855432     -0.83817     -0.820909     -0.803647     -0.786386     -0.769124     -0.751863     -0.734601     -0.71734     -0.700078     -0.682817     -0.665555     -0.648294     -0.631032     -0.613771     -0.59651     -0.579248     -0.561987     -0.544725     -0.527464     
-0.285714     -0.285714     -0.285714     -0.285714     -0.285714     -0.285714     -0.285714     -0.285714     -0.98777     -0.970508     -0.953247     -0.935985     -0.918724     -0.901462     -0.884201     -0.86694     -0.849678     -0.832417     -0.815155     -0.797894     -0.780632     -0.763371     -0.746109     -0.728848     -0.711586     -0.694325     -0.677063     -0.659802     -0.64254     -0.625279     -0.608018     -0.590756     -0.573494     -0.556233     -0.538971     
-0.285714     -0.285714     -0.285714     -0.285714     -0.285714     -0.285714     -0.285714     -0.285714     -0.999277     -0.982016     -0.964755     -0.947493     -0.930231     -0.91297     -0.895708     -0.878447     -0.861186     -0.843924     -0.826663     -0.809401     -0.79214     -0.774878     -0.757617     -0.740355     -0.723094     -0.705832     -0.688571     -0.671309     -0.654048     -0.636786     -0.619525     -0.602263     -0.585002     -0.56774     -0.550479     
-0.285714     -0.285714     -0.285714     -0.285714     -0.285714     -0.285714     -0.285714     -0.285714     -0.993523     -0.976262     -0.959     -0.941739     -0.924477     -0.907216     -0.889955     -0.872693     -0.855432     -0.83817     -0.820909     -0.803647     -0.786386     -0.769124     -0.751863     -0.734601     -0.71734     -0.700078     -0.682817     -0.665555     -0.648294     -0.631033     -0.613771     -0.596509     -0.579248     -0.561986     
-0.285714     -0.285714     -0.285714     -0.285714     -0.285714     -0.285714     -0.285714     -0.285714     -0.98777     -0.970508     -0.953247     -0.935985     -0.918724     -0.901463     -0.884201     -0.866939     -0.849678     -0.832416     -0.815155     -0.797893     -0.780632     -0.763371     -0.746109     -0.728848     -0.711586     -0.694325     -0.677063     -0.659802     -0.64254     -0.625279     -0.608017     -0.590756     -0.573494     
-0.285714     -0.285714     -0.285714     -0.285714     -0.285714     -0.285714     -0.285714     -0.285714     -0.999277     -0.982016     -0.964754     -0.947493     -0.930231     -0.91297     -0.895708     -0.878447     -0.861185     -0.843924     -0.826662     -0.809401     -0.792139     -0.774878     -0.757617     -0.740355     -0.723094     -0.705832     -0.688571     -0.671309     -0.654048     -0.636786     -0.619525     -0.602263     -0.585002     
-0.285714     -0.285714     -0.285714     -0.285714     -0.285714     -0.285714     -0.285714     -0.285714     -0.993524     -0.976262     -0.959001     -0.941739     -0.924478     -0.907216     -0.889955     -0.872693     -0.855432     -0.83817     -0.820909     -0.803647     -0.786386     -0.769125     -0.751863     -0.734601     -0.71734     -0.700078     -0.682817     -0.665556     -0.648294     -0.631033     -0.613771     -0.59651     
-0.285714     -0.285714     -0.285714     -0.285714     -0.285714     -0.285714     -0.285714     -0.285714     -0.98777     -0.970508     -0.953247     -0.935985     -0.918724     -0.901462     -0.884201     -0.866939     -0.849678     -0.832416     -0.815155     -0.797893     -0.780632     -0.76337     -0.746109     -0.728847     -0.711586     -0.694324     -0.677063     -0.659802     -0.64254     -0.625279     -0.608017     
-0.285714     -0.285714     -0.285714     -0.285714     -0.285714     -0.285714     -0.285714     -0.285714     -0.999277     -0.982016     -0.964754     -0.947493     -0.930232     -0.91297     -0.895709     -0.878447     -0.861186     -0.843924     -0.826663     -0.809401     -0.79214     -0.774878     -0.757617     -0.740355     -0.723094     -0.705832     -0.688571     -0.671309     -0.654048     -0.636786     -0.619525     
-0.285714     -0.285714     -0.285714     -0.285714     -0.285714     -0.285714     -0.285714     -0.285714     -0.993523     -0.976262     -0.959001     -0.941739     -0.924478     -0.907216     -0.889955     -0.872693     -0.855432     -0.83817     -0.820909     -0.803647     -0.786386     -0.769124     -0.751863     -0.734601     -0.71734     -0.700079     -0.682817     -0.665555     -0.648294     -0.631032     
-0.285714     -0.285714     -0.285714     -0.285714     -0.285714     -0.285714     -0.285714     -0.285714     -0.987769     -0.970508     -0.953247     -0.935985     -0.918724     -0.901462     -0.884201     -0.866939     -0.849678     -0.832416     -0.815155     -0.797893     -0.780632     -0.76337     -0.746109     -0.728847     -0.711586     -0.694324     -0.677063     -0.659801     -0.64254     
-0.285714     -0.285714     -0.285714     -0.285714     -0.285714     -0.285714     -0.285714     -0.285714     -0.999277     -0.982016     -0.964754     -0.947493     -0.930231     -0.91297     -0.895708     -0.878447     -0.861185     -0.843924     -0.826663     -0.809401     -0.79214     -0.774878     -0.757617     -0.740355     -0.723094     -0.705832     -0.688571     -0.671309     -0.654048     
-0.285714     -0.285714     -0.285714     -0.285714     -0.285714     -0.285714     -0.285714     -0.285714     -0.993524     -0.976262     -0.959     -0.941739     -0.924477     -0.907216     -0.889954     -0.872693     -0.855432     -0.83817     -0.820909     -0.803647     -0.786386     -0.769124     -0.751863     -0.734601     -0.71734     -0.700078     -0.682817     -0.665555     
-0.285714     -0.285714     -0.285714     -0.285714     -0.285714     -0.285714     -0.285714     -0.285714     -0.98777     -0.970508     -0.953247     -0.935985     -0.918724     -0.901462     -0.884201     -0.86694     -0.849678     -0.832417     -0.815155     -0.797894     -0.780632     -0.76337     -0.746109     -0.728848     -0.711586     -0.694325     -0.677063     
-0.285714     -0.285714     -0.285714     -0.285714     -0.285714     -0.285714     -0.285714     -0.285714     -0.999277     -0.982016     -0.964754     -0.947493     -0.930231     -0.91297     -0.895708     -0.878447     -0.861186     -0.843924     -0.826662     -0.809401     -0.79214     -0.774878     -0.757617     -0.740355     -0.723094     -0.705832     -0.688571     
-0.285714     -0.285714     -0.285714     -0.285714     -0.285714     -0.285714     -0.285714     -0.285714     -0.993524     -0.976262     -0.959001     -0.941739     -0.924478     -0.907216     -0.889955     -0.872693     -0.855432     -0.83817     -0.820909     -0.803647     -0.786386     -0.769125     -0.751863     -0.734601     -0.71734     -0.700078     
-0.285714     -0.285714     -0.285714     -0.285714     -0.285714     -0.285714     -0.285714     -0.285714     -0.98777     -0.970508     -0.953247     -0.935985     -0.918724     -0.901462     -0.884201     -0.866939     -0.849678     -0.832416     -0.815155     -0.797893     -0.780632     -0.763371     -0.746109     -0.728848     -0.711586     
-0.285714     -0.285714     -0.285714     -0.285714     -0.285714     -0.285714     -0.285714     -0.285714     -0.999277     -0.982016     -0.964754     -0.947493     -0.930231     -0.91297     -0.895708     -0.878447     -0.861185     -0.843924     -0.826662     -0.809401     -0.79214     -0.774878     -0.757617     -0.740355     -0.723094     
-0.285714     -0.285714     -0.285714     -0.285714     -0.285714     -0.285714     -0.285714     -0.285714     -0.993524     -0.976262     -0.959001     -0.941739     -0.924478     -0.907216     -0.889955     -0.872693     -0.855432     -0.83817     -0.820909     -0.803647     -0.786386     -0.769124     -0.751863     -0.734601     
-0.285714     -0.285714     -0.285714     -0.285714     -0.285714     -0.285714     -0.285714     -0.285714     -0.98777     -0.970508     -0.953247     -0.935985     -0.918724     -0.901462     -0.884201     -0.866939     -0.849678     -0.832416     -0.815155     -0.797893     -0.780632     -0.76337     -0.746109     
-0.285714     -0.285714     -0.285714     -0.285714     -0.285714     -0.285714     -0.285714     -0.285714     -0.999277     -0.982016     -0.964754     -0.947493     -0.930232     -0.91297     -0.895709     -0.878447     -0.861186     -0.843924     -0.826663     -0.809401     -0.79214     -0.774878     -0.757617     
-0.285714     -0.285714     -0.285714     -0.285714     -0.285714     -0.285714     -0.285714     -0.285714     -0.993523     -0.976262     -0.959001     -0.941739     -0.924478     -0.907216     -0.889955     -0.872693     -0.855431     -0.83817     -0.820909     -0.803647     -0.786386     -0.769124     
-0.285714     -0.285714     -0.285714     -0.285714     -0.285714     -0.285714     -0.285714     -0.285714     -0.98777     -0.970508     -0.953247     -0.935985     -0.918724     -0.901462     -0.884201     -0.866939     -0.849678     -0.832417     -0.815155     -0.797894     -0.780632     
-0.285714     -0.285714     -0.285714     -0.285714     -0.285714     -0.285714     -0.285714     -0.285714     -0.999277     -0.982016     -0.964754     -0.947493     -0.930231     -0.91297     -0.895708     -0.878447     -0.861186     -0.843924     -0.826663     -0.809401     -0.79214     
-0.285714     -0.285714     -0.285714     -0.285714     -0.285714     -0.285714     -0.285714     -0.285714     -0.993524     -0.976262     -0.959001     -0.941739     -0.924478     -0.907216     -0.889955     -0.872693     -0.855432     -0.83817     -0.820909     -0.803647     
-0.285714     -0.285714     -0.285714     -0.285714     -0.285714     -0.285714     -0.285714     -0.285714     -0.98777     -0.970508     -0.953247     -0.935985     -0.918724     -0.901462     -0.884201     -0.866939     -0.849678     -0.832416     -0.815155     
-0.285714     -0.285714     -0.285714     -0.285714     -0.285714     -0.285714     -0.285714     -0.285714     -0.999277     -0.982016     -0.964754     -0.947493     -0.930231     -0.91297     -0.895709     -0.878447     -0.861185     -0.843924     -0.826662     
-0.285714     -0.285714     -0.285714     -0.285714     -0.285714     -0.285714     -0.285714     -0.285714     -0.993524     -0.976262     -0.959001     -0.941739     -0.924478     -0.907216     -0.889955     -0.872693     -0.855432     -0.83817     
-0.285714     -0.285714     -0.285714     -0.285714     -0.285714     -0.285714     -0.285714     -0.285714     -0.98777     -0.970508     -0.953247     -0.935985     -0.918724     -0.901462     -0.884201     -0.866939     -0.849678     
-0.285714     -0.285714     -0.285714     -0.285714     -0.285714     -0.285714     -0.285714     -0.285714     -0.999277     -0.982016     -0.964754     -0.947493     -0.930232     -0.91297     -0.895709     -0.878447     -0.861186     
-0.285714     -0.285714     -0.285714     -0.285714     -0.285714     -0.285714     -0.285714     -0.285714     -0.993523     -0.976262     -0.959     -0.941739     -0.924478     -0.907216     -0.889955     -0.872693     
-0.285714     -0.285714     -0.285714     -0.285714     -0.285714     -0.285714     -0.285714     -0.285714     -0.98777     -0.970508     -0.953247     -0.935985     -0.918724     -0.901462     -0.884201     
-0.285714     -0.285714     -0.285714     -0.285714     -0.285714     -0.285714     -0.285714     -0.285714     -0.999277     -0.982016     -0.964755     -0.947493     -0.930231     -0.91297     -0.895708     
-0.285714     -0.285714     -0.285714     -0.285714     -0.285714     -0.285714     -0.285714     -0.285714     -0.993523     -0.976262     -0.959     -0.941739     -0.924477     -0.907216     
-0.285714     -0.285714     -0.285714     -0.285714     -0.285714     -0.285714     -0.285714     -0.285714     -0.98777     -0.970508     -0.953247     -0.935985     -0.918724     
-0.285714     -0.285714     -0.285714     -0.285714     -0.285714     -0.285714     -0.285714     -0.285714     -0.999277     -0.982016     -0.964754     -0.947493     -0.930231     
-0.285714     -0.285714     -0.285714     -0.285714     -0.285714     -0.285714     -0.285714     -0.285714     -0.993524     -0.976262     -0.959001     -0.941739     
-0.285714     -0.285714     -0.285714     -0.285714     -0.285714     -0.285714     -0.285714     -0.285714     -0.98777     -0.970508     -0.953247     
-0.285714     -0.285714     -0.285714     -0.285714     -0.285714     -0.285714     -0.285714     -0.285714     -0.999277     -0.982016     -0.964754     
-0.285714     -0.285714     -0.285714     -0.285714     -0.285714     -0.285714     -0.285714     -0.285714     -0.993523     -0.976262     
-0.285714     -0.285714     -0.285714     -0.285714     -0.285714     -0.285714     -0.285714     -0.285714     -0.987769     
-0.285714     -0.285714     -0.285714     -0.285714     -0.285714     -0.285714     -0.285714     -0.285714     -0.999277     
-0.285714     -0.285714     -0.285714     -0.285714     -0.285714     -0.285714     -0.285714     -0.285714     
-0.285714     -0.285714     -0.285714     -0.285714     -0.285714     -0.285714     -0.285714     
-0.285714     -0.285714     -0.285714     -0.285714     -0.285714     -0.285714     -0.285714     
-0.285714     -0.285714     -0.285714     -0.285714     -0.285714     -0.285714     
-0.285714     -0.285714     -0.285714     -0.285714     -0.285714     
-0.285714     -0.285714     -0.285714     -0.285714     -0.285714     
-0.285714     -0.285714     -0.285714     -0.285714     
-0.285714     -0.285714     -0.285714     
-0.285714     -0.285714     -0.285714     
-0.285714     -0.285714     
-0.285714     
-0.285714     











































































































































